0.00227823 0.000432258 0.988212
-0.000215621 0.00267171 -0.15303
-5.64859e-07 2.29607e-07 0.00266343

0.00224497 0.000409134 0.988595
-0.000218193 0.00264909 -0.150531
-5.78268e-07 2.24039e-07 0.002647

0.00222942 0.000397978 0.988818
-0.000219433 0.00263726 -0.149065
-5.85082e-07 2.16001e-07 0.00264085

0.00221166 0.000384965 0.989058
-0.000220639 0.00262374 -0.147462
-5.9228e-07 2.07762e-07 0.00263327

0.00221464 0.000386532 0.988991
-0.00022014 0.00262628 -0.147914
-5.89797e-07 2.12551e-07 0.00263302

0.00218087 0.000359927 0.989445
-0.000221784 0.0025993 -0.144844
-6.01204e-07 1.95777e-07 0.00261756

0.00214951 0.000334115 0.98987
-0.000222822 0.00257302 -0.14191
-6.1026e-07 1.76899e-07 0.00260321

0.00212376 0.000312647 0.990216
-0.000223383 0.00255092 -0.139477
-6.16807e-07 1.59258e-07 0.00259161

0.00210033 0.000293801 0.990526
-0.000223836 0.00253087 -0.137263
-6.22868e-07 1.41881e-07 0.00258166

0.00207896 0.000277096 0.990801
-0.000224124 0.00251263 -0.135261
-6.28124e-07 1.25267e-07 0.00257285

0.00205549 0.000260549 0.991097
-0.000224616 0.00249329 -0.133078
-6.35036e-07 1.06937e-07 0.00256415

0.0020331 0.000246335 0.991372
-0.0002252 0.00247543 -0.131011
-6.42424e-07 8.96654e-08 0.00255656

0.00201542 0.000235818 0.991589
-0.000225664 0.00246144 -0.129364
-6.48446e-07 7.57278e-08 0.00255094

0.00199441 0.000225154 0.99184
-0.000226492 0.00244566 -0.127421
-6.56947e-07 6.04074e-08 0.00254496

0.00197756 0.000217095 0.992044
-0.000227174 0.00243301 -0.125829
-6.63904e-07 4.78652e-08 0.00254045

0.00195903 0.000209223 0.992266
-0.000228073 0.00241947 -0.124067
-6.72164e-07 3.47332e-08 0.00253583

0.00194096 0.000202141 0.992483
-0.000229028 0.00240638 -0.122317
-6.80461e-07 2.2067e-08 0.00253157

0.00192687 0.000196599 0.992656
-0.000229751 0.00239592 -0.120904
-6.8676e-07 1.16304e-08 0.00252832

0.00191008 0.000190812 0.99286
-0.00023076 0.00238388 -0.119222
-6.94725e-07 4.78531e-11 0.00252466

0.0018977 0.000186428 0.993013
-0.000231474 0.00237474 -0.117939
-7.00371e-07 -9.0473e-09 0.00252199

0.00188414 0.00018206 0.99318
-0.000232339 0.00236493 -0.116527
-7.06762e-07 -1.85946e-08 0.00251918

0.00187053 0.000177947 0.993347
-0.000233262 0.00235515 -0.11509
-7.13247e-07 -2.8056e-08 0.00251645

0.00186168 0.000175148 0.993458
-0.00023383 0.0023486 -0.114129
-7.17266e-07 -3.46155e-08 0.00251467

0.00185374 0.000172554 0.993559
-0.000234316 0.0023426 -0.11325
-7.20741e-07 -4.07851e-08 0.00251307

0.00184575 0.00017011 0.99366
-0.000234837 0.00233663 -0.112361
-7.24301e-07 -4.68484e-08 0.00251151

0.00183729 0.000167741 0.993766
-0.000235432 0.00233042 -0.111418
-7.28163e-07 -5.3045e-08 0.00250991

0.00182854 0.000165527 0.993875
-0.000236101 0.00232412 -0.110437
-7.32269e-07 -5.92279e-08 0.00250831

0.00182169 0.000163863 0.993961
-0.000236635 0.00231918 -0.109661
-7.35456e-07 -6.40959e-08 0.0025071

0.00228664 0.000436887 0.988198
-0.00021501 0.00267501 -0.153115
-5.61616e-07 2.22432e-07 0.00266964

0.00225696 0.000417592 0.988496
-0.000217537 0.00265656 -0.151184
-5.74312e-07 2.21899e-07 0.00265439

0.00223522 0.000402541 0.988799
-0.000219411 0.00264052 -0.149186
-5.84207e-07 2.11522e-07 0.00264587

0.00221351 0.000386791 0.989055
-0.000220747 0.00262493 -0.147483
-5.92476e-07 2.05943e-07 0.00263525

0.0021872 0.000368001 0.989423
-0.000222596 0.00260462 -0.144994
-6.03832e-07 1.91008e-07 0.00262512

0.00218412 0.000364219 0.989431
-0.000222231 0.00260218 -0.14494
-6.02749e-07 1.93694e-07 0.00262144

0.00214839 0.00033585 0.989908
-0.000223657 0.00257298 -0.141647
-6.14222e-07 1.73553e-07 0.00260539

0.00211776 0.000310435 0.990308
-0.000224279 0.00254695 -0.138822
-6.21916e-07 1.54096e-07 0.00259118

0.002088 0.000287239 0.990692
-0.000224916 0.00252194 -0.136055
-6.30051e-07 1.33005e-07 0.00257863

0.00206673 0.000270393 0.990956
-0.00022496 0.00250369 -0.13412
-6.34331e-07 1.17031e-07 0.00256937

0.00203987 0.000252807 0.991285
-0.000225648 0.00248226 -0.131673
-6.42931e-07 9.72797e-08 0.00255975

0.00201608 0.000239133 0.991568
-0.000226403 0.002464 -0.129521
-6.51449e-07 8.02227e-08 0.00255205

0.00200046 0.000230081 0.991757
-0.000226717 0.00245161 -0.128068
-6.56425e-07 6.77634e-08 0.00254713

0.00197299 0.000218142 0.992078
-0.000228072 0.00243198 -0.125558
-6.68686e-07 4.95466e-08 0.00253992

0.00196001 0.000211815 0.992238
-0.000228494 0.00242187 -0.124285
-6.7362e-07 3.90499e-08 0.00253649

0.00193763 0.000203564 0.992504
-0.000229771 0.00240606 -0.122146
-6.8425e-07 2.41989e-08 0.00253131

0.00191966 0.000197213 0.992721
-0.000230829 0.00239322 -0.12037
-6.92748e-07 1.19153e-08 0.00252732

0.00190998 0.000192827 0.992846
-0.000231191 0.00238542 -0.119333
-6.96433e-07 3.43758e-09 0.00252502

0.00188983 0.000186652 0.993091
-0.000232563 0.00237126 -0.117281
-7.06333e-07 -9.89626e-09 0.00252088

0.00187997 0.000182671 0.993218
-0.000233026 0.00236345 -0.116197
-7.10277e-07 -1.82793e-08 0.00251869

0.001865 0.000177782 0.993406
-0.000233973 0.00235235 -0.114578
-7.17063e-07 -2.94325e-08 0.00251564

0.00185337 0.000174803 0.993549
-0.000234892 0.00234425 -0.113332
-7.22874e-07 -3.70223e-08 0.00251348

0.00184751 0.000172635 0.993626
-0.000235199 0.00233958 -0.11266
-7.25201e-07 -4.20631e-08 0.00251226

0.00184152 0.000170526 0.993704
-0.000235531 0.00233487 -0.111973
-7.2762e-07 -4.71216e-08 0.00251104

0.00183138 0.000167503 0.993833
-0.000236216 0.00232724 -0.110817
-7.32076e-07 -5.49617e-08 0.0025091

0.00182659 0.000165793 0.993896
-0.000236457 0.00232336 -0.110252
-7.33869e-07 -5.926e-08 0.00250813

0.0018119 0.000162838 0.99408
-0.000237794 0.00231321 -0.108583
-7.41215e-07 -6.8841e-08 0.00250572

0.00180928 0.000161851 0.994115
-0.00023789 0.00231097 -0.108262
-7.42035e-07 -7.14469e-08 0.00250517

0.00229513 0.000440433 0.988232
-0.000214249 0.00267677 -0.152898
-5.57644e-07 2.11169e-07 0.00267652

0.00226701 0.000423242 0.98851
-0.000217034 0.00265998 -0.151089
-5.70874e-07 2.10103e-07 0.00266292

0.00223312 0.000401266 0.988912
-0.000220017 0.00263724 -0.148435
-5.86617e-07 2.00875e-07 0.00264828

0.00220714 0.000383117 0.989187
-0.000221635 0.00261955 -0.146594
-5.96913e-07 1.97126e-07 0.00263506

0.00219292 0.000373357 0.989386
-0.000222725 0.00260877 -0.145245
-6.03424e-07 1.8891e-07 0.00262988

0.00216347 0.00035091 0.98975
-0.000224081 0.00258604 -0.142748
-6.13665e-07 1.7693e-07 0.00261593

0.00213231 0.000326616 0.990153
-0.000225261 0.00256079 -0.139922
-6.23741e-07 1.59696e-07 0.00260197

0.00210539 0.000303766 0.990487
-0.000225489 0.00253784 -0.137545
-6.29391e-07 1.44167e-07 0.0025885

0.00207194 0.000279048 0.990907
-0.000226367 0.00251045 -0.134487
-6.39424e-07 1.21486e-07 0.00257482

0.00205144 0.000262655 0.991146
-0.000226104 0.00249285 -0.13271
-6.42475e-07 1.07217e-07 0.00256522

0.00202055 0.000243842 0.991511
-0.000226932 0.00246888 -0.129957
-6.52658e-07 8.58699e-08 0.00255439

0.00200474 0.000235063 0.991696
-0.000227343 0.00245679 -0.12854
-6.5798e-07 7.46335e-08 0.00254928

0.00198696 0.000226026 0.991905
-0.000227892 0.0024434 -0.126919
-6.6448e-07 6.17745e-08 0.00254404

0.00195725 0.000214112 0.992251
-0.000229429 0.00242247 -0.124187
-6.7803e-07 4.24698e-08 0.00253661

0.00193681 0.000205825 0.992498
-0.000230382 0.00240744 -0.122199
-6.86885e-07 2.77095e-08 0.00253168

0.00191541 0.000198245 0.992757
-0.000231624 0.00239208 -0.120073
-6.9689e-07 1.29621e-08 0.00252694

0.00189201 0.000190809 0.993043
-0.000233169 0.0023755 -0.117685
-7.08186e-07 -2.83452e-09 0.00252208

0.00189541 0.000190406 0.99301
-0.000232621 0.0023768 -0.117966
-7.05313e-07 -2.81285e-09 0.00252244

0.00187577 0.000184275 0.993253
-0.000233944 0.00236268 -0.1159
-7.1464e-07 -1.65265e-08 0.00251846

0.00186325 0.000179706 0.993414
-0.000234644 0.002353 -0.114511
-7.19893e-07 -2.66781e-08 0.00251582

0.0018515 0.000175794 0.993565
-0.000235381 0.0023441 -0.113199
-7.25009e-07 -3.58704e-08 0.00251346

0.00184281 0.00017258 0.993678
-0.000235845 0.00233717 -0.112196
-7.28447e-07 -4.33671e-08 0.00251165

0.00182958 0.000168837 0.993847
-0.000236817 0.00232741 -0.11069
-7.34478e-07 -5.32403e-08 0.0025092

0.00182587 0.000167292 0.993897
-0.000236958 0.00232423 -0.110241
-7.35698e-07 -5.68978e-08 0.0025084

0.00181463 0.000164451 0.994041
-0.00023785 0.00231601 -0.108935
-7.40867e-07 -6.51938e-08 0.00250644

0.00181633 0.000164226 0.994022
-0.000237533 0.00231672 -0.109112
-7.39496e-07 -6.50164e-08 0.00250656

0.00180503 0.000161976 0.994166
-0.00023858 0.00230882 -0.107792
-7.45059e-07 -7.26808e-08 0.00250477

0.00179562 0.000159824 0.994288
-0.000239345 0.00230185 -0.106657
-7.4921e-07 -7.99148e-08 0.00250323

0.00230113 0.000441754 0.988309
-0.000213565 0.0026763 -0.152398
-5.54094e-07 1.98725e-07 0.00268212

0.00227227 0.000424021 0.988641
-0.000216671 0.002658 -0.150229
-5.68071e-07 1.92212e-07 0.00266979

0.00223617 0.000402546 0.989028
-0.000220194 0.00263562 -0.147665
-5.86179e-07 1.85184e-07 0.00265443

0.00220861 0.000385476 0.989298
-0.0002224 0.00261842 -0.145845
-5.99245e-07 1.8223e-07 0.00264148

0.00218254 0.000368009 0.989595
-0.000224186 0.00260028 -0.143814
-6.10693e-07 1.74575e-07 0.00262986

0.00215565 0.000349397 0.989931
-0.000225867 0.0025803 -0.141485
-6.22019e-07 1.62393e-07 0.00261871

0.00213075 0.000331029 0.990238
-0.000227011 0.00256098 -0.139319
-6.31028e-07 1.50516e-07 0.00260766

0.00209386 0.000300266 0.990672
-0.000227409 0.00253032 -0.136207
-6.39426e-07 1.3266e-07 0.00258852

0.00205509 0.000271385 0.991134
-0.000228128 0.00249873 -0.132802
-6.49918e-07 1.08826e-07 0.00257153

0.00202373 0.000250343 0.991485
-0.000228517 0.00247402 -0.130157
-6.58233e-07 9.01272e-08 0.00255843

0.00200078 0.00023645 0.991739
-0.000228611 0.00245612 -0.128208
-6.63953e-07 7.5642e-08 0.00254956

0.00198624 0.000228532 0.991905
-0.000228779 0.00244488 -0.126918
-6.68119e-07 6.51021e-08 0.0025448

0.00196366 0.000219517 0.992164
-0.000229906 0.00242913 -0.124878
-6.78175e-07 5.08102e-08 0.00253904

0.0019358 0.000210329 0.992486
-0.000231625 0.00241032 -0.122291
-6.9199e-07 3.40089e-08 0.00253283

0.00191727 0.00020365 0.99271
-0.000232606 0.00239698 -0.120465
-7.00358e-07 2.12886e-08 0.00252861

0.00190159 0.000197747 0.992905
-0.000233409 0.00238526 -0.118847
-7.07054e-07 9.59235e-09 0.00252505

0.00188829 0.000191903 0.993077
-0.00023392 0.00237454 -0.117398
-7.11895e-07 -1.97441e-09 0.00252188

0.0018705 0.000185585 0.993304
-0.000234962 0.00236108 -0.115464
-7.19563e-07 -1.57738e-08 0.00251812

0.00185894 0.000180699 0.993457
-0.000235466 0.00235162 -0.114141
-7.23786e-07 -2.62287e-08 0.00251552

0.00184309 0.00017583 0.99366
-0.000236576 0.00233984 -0.112358
-7.3094e-07 -3.82006e-08 0.00251247

0.00183516 0.000172675 0.993766
-0.00023696 0.00233331 -0.111419
-7.33849e-07 -4.54739e-08 0.00251079

0.00182942 0.000169979 0.993844
-0.000237127 0.00232823 -0.110717
-7.35557e-07 -5.14701e-08 0.00250947

0.00181421 0.000166359 0.99404
-0.000238435 0.00231731 -0.108945
-7.42842e-07 -6.23285e-08 0.00250692

0.00181147 0.000164764 0.994079
-0.000238412 0.00231458 -0.108594
-7.43294e-07 -6.58039e-08 0.0025062

0.00180196 0.000162485 0.994203
-0.000239208 0.00230756 -0.107449
-7.47611e-07 -7.30434e-08 0.00250465

0.00179902 0.000161347 0.994243
-0.000239315 0.00230501 -0.107083
-7.4849e-07 -7.60292e-08 0.00250403

0.0017909 0.000159574 0.99435
-0.000240013 0.002299 -0.106083
-7.52108e-07 -8.23206e-08 0.00250276

0.0017833 0.000158091 0.994451
-0.000240695 0.00229341 -0.105132
-7.55476e-07 -8.8229e-08 0.00250165

0.00230593 0.000441887 0.988412
-0.000212877 0.00267459 -0.151729
-5.50593e-07 1.85551e-07 0.0026871

0.00227124 0.000419239 0.988915
-0.000216627 0.00264955 -0.148417
-5.66687e-07 1.67019e-07 0.00267476

0.00225421 0.000410505 0.989043
-0.000218491 0.00264084 -0.147559
-5.76039e-07 1.67996e-07 0.00266695

0.0021744 0.000365183 0.989846
-0.000225845 0.00259219 -0.142077
-6.17819e-07 1.52537e-07 0.00263401

0.00218843 0.000373189 0.989615
-0.000224383 0.00260303 -0.143682
-6.10001e-07 1.65841e-07 0.00263656

0.00217052 0.000362222 0.989848
-0.000225898 0.00259027 -0.142062
-6.18984e-07 1.56323e-07 0.00263052

0.00211125 0.000319527 0.990518
-0.000228669 0.00254622 -0.137318
-6.40995e-07 1.35291e-07 0.00260261

0.00206905 0.000286902 0.991021
-0.000229617 0.00251181 -0.13364
-6.52671e-07 1.11988e-07 0.00258299

0.00203107 0.000258732 0.991435
-0.000229796 0.00248124 -0.130539
-6.61234e-07 9.21141e-08 0.00256486

0.00200665 0.000246048 0.991715
-0.000230924 0.00246357 -0.128393
-6.70702e-07 7.75e-08 0.00255695

0.00196065 0.000224551 0.992205
-0.000232193 0.00243101 -0.124554
-6.86956e-07 5.44761e-08 0.00254129

0.00197567 0.000225263 0.992024
-0.000229656 0.00243825 -0.125981
-6.74087e-07 5.97948e-08 0.00254244

0.00193963 0.000215562 0.992435
-0.000232566 0.00241566 -0.122704
-6.94313e-07 4.07209e-08 0.00253528

0.00190471 0.000205964 0.992841
-0.000234978 0.00239261 -0.119374
-7.1255e-07 2.10023e-08 0.00252814

0.00188841 0.000198753 0.993047
-0.000235499 0.00237957 -0.11765
-7.18074e-07 7.61932e-09 0.00252392

0.00187801 0.00019776 0.993171
-0.000236744 0.00237365 -0.116601
-7.24984e-07 3.22421e-09 0.00252256

0.00186621 0.000190043 0.993334
-0.00023659 0.00236218 -0.115201
-7.26545e-07 -1.06492e-08 0.00251889

0.00184807 0.000181754 0.993578
-0.00023725 0.00234682 -0.113079
-7.32357e-07 -2.80188e-08 0.00251461

0.00183713 0.000176734 0.993727
-0.000237646 0.00233739 -0.111765
-7.3582e-07 -3.88617e-08 0.00251209

0.0018243 0.000172317 0.993898
-0.000238456 0.00232727 -0.110235
-7.40987e-07 -4.98437e-08 0.00250959

0.0018174 0.000169345 0.993992
-0.000238736 0.00232131 -0.109383
-7.43205e-07 -5.67357e-08 0.00250809

0.00181018 0.000166659 0.99409
-0.000239123 0.00231533 -0.108491
-7.45806e-07 -6.34936e-08 0.00250665

0.00179835 0.000163415 0.994249
-0.000240042 0.00230625 -0.107027
-7.50845e-07 -7.32798e-08 0.00250467

0.00179262 0.000161608 0.994326
-0.000240405 0.00230159 -0.106302
-7.52973e-07 -7.85265e-08 0.00250363

0.00178825 0.000160265 0.994386
-0.000240674 0.00229803 -0.105747
-7.5455e-07 -8.25649e-08 0.00250285

0.00178341 0.000158979 0.994451
-0.000241016 0.00229419 -0.10513
-7.56396e-07 -8.68657e-08 0.00250205

0.00177414 0.000157384 0.994579
-0.000241933 0.00228736 -0.103915
-7.6056e-07 -9.4292e-08 0.00250089

0.00177286 0.000156883 0.994595
-0.000241924 0.00228618 -0.103764
-7.60743e-07 -9.57152e-08 0.00250056

0.00231579 0.000443636 0.988536
-0.000211381 0.00267368 -0.150919
-5.43748e-07 1.67225e-07 0.00269548

0.00225667 0.000409885 0.989147
-0.000218106 0.00263841 -0.146861
-5.73608e-07 1.56066e-07 0.00267064

0.00224989 0.00040581 0.989245
-0.000218793 0.00263356 -0.146205
-5.76994e-07 1.51778e-07 0.00266862

0.00218866 0.00037383 0.989736
-0.000224817 0.00260049 -0.142839
-6.10946e-07 1.51307e-07 0.00264149

0.00216518 0.000360215 0.990007
-0.000226854 0.00258496 -0.140956
-6.23115e-07 1.42618e-07 0.00263286

0.00211281 0.00033009 0.990644
-0.000231209 0.00254884 -0.136407
-6.49685e-07 1.17721e-07 0.00261515

0.00210772 0.000320313 0.990603
-0.00022976 0.0025442 -0.136703
-6.45687e-07 1.28071e-07 0.00260496

0.00206201 0.000287204 0.99115
-0.000231312 0.00250797 -0.132684
-6.603e-07 1.02703e-07 0.00258516

0.00203537 0.000264763 0.991418
-0.000230752 0.00248563 -0.130662
-6.63725e-07 9.13514e-08 0.00256987

0.00200486 0.000246304 0.991745
-0.000231339 0.00246268 -0.128158
-6.72542e-07 7.55796e-08 0.00255742

0.00197332 0.00023028 0.992079
-0.000232016 0.00243989 -0.125553
-6.82807e-07 6.02809e-08 0.00254578

0.00198031 0.000230409 0.991978
-0.000230663 0.00244354 -0.126346
-6.76549e-07 6.56261e-08 0.00254533

0.00189297 0.000207026 0.992977
-0.000236954 0.00238749 -0.118244
-7.22863e-07 1.84554e-08 0.00252759

0.00187023 0.000199335 0.99326
-0.000238264 0.00237073 -0.115838
-7.32337e-07 2.51831e-09 0.00252245

0.001883 0.000203834 0.993098
-0.000237552 0.00238034 -0.117218
-7.27279e-07 1.2008e-08 0.00252533

0.00183779 0.000189839 0.993689
-0.000240692 0.00234678 -0.112101
-7.46292e-07 -2.23535e-08 0.00251648

0.00184065 0.000187736 0.993655
-0.000239756 0.00234699 -0.112406
-7.42572e-07 -2.33252e-08 0.00251589

0.00183328 0.000181826 0.993761
-0.000239425 0.0023389 -0.111461
-7.42619e-07 -3.37349e-08 0.00251332

0.0018177 0.000174415 0.993978
-0.000239956 0.00232508 -0.109513
-7.47069e-07 -5.00135e-08 0.00250972

0.0018014 0.000168591 0.994204
-0.000240974 0.00231167 -0.107439
-7.53078e-07 -6.53429e-08 0.0025067

0.00180073 0.000166825 0.994214
-0.000240615 0.00231007 -0.107347
-7.52135e-07 -6.77398e-08 0.00250602

0.00179359 0.000164074 0.994313
-0.000240977 0.00230395 -0.106426
-7.54479e-07 -7.48857e-08 0.00250461

0.00178408 0.000161294 0.994446
-0.000241675 0.00229628 -0.105179
-7.58148e-07 -8.36452e-08 0.00250308

0.00177853 0.000159516 0.994523
-0.000242005 0.00229162 -0.104448
-7.60017e-07 -8.90865e-08 0.0025021

0.00177308 0.00015805 0.994599
-0.000242383 0.00228717 -0.103725
-7.61957e-07 -9.42497e-08 0.00250123

0.00176794 0.000157012 0.994671
-0.000242823 0.00228314 -0.103028
-7.63957e-07 -9.89018e-08 0.00250056

0.00176374 0.000156323 0.994731
-0.000243209 0.00227989 -0.102451
-7.65613e-07 -1.02671e-07 0.00250008

0.00176269 0.000155997 0.994743
-0.000243207 0.00227897 -0.102334
-7.6577e-07 -1.03723e-07 0.0024998

0.00233648 0.000452452 0.988568
-0.000208457 0.00267932 -0.150712
-5.32408e-07 1.49171e-07 0.00270996

0.00228453 0.000422069 0.989051
-0.000214751 0.00264918 -0.147506
-5.57124e-07 1.45218e-07 0.00268525

0.0022815 0.000418101 0.989236
-0.000214879 0.00264291 -0.146265
-5.57313e-07 1.31125e-07 0.00268701

0.00222946 0.00039409 0.989523
-0.000220843 0.0026194 -0.144312
-5.87589e-07 1.3964e-07 0.00266261

0.00217642 0.000366798 0.990136
-0.00022624 0.00258606 -0.140046
-6.17461e-07 1.17146e-07 0.0026461

0.00214938 0.000352774 0.990412
-0.000228887 0.00256966 -0.138078
-6.32652e-07 1.09932e-07 0.00263626

0.00210539 0.000331803 0.990829
-0.000233225 0.00254439 -0.135056
-6.58157e-07 1.02558e-07 0.00262008

0.00203902 0.00028508 0.991496
-0.000235217 0.00249517 -0.130072
-6.78935e-07 8.25391e-08 0.00258668

0.00199538 0.00024862 0.991904
-0.000233614 0.00245838 -0.126922
-6.82473e-07 6.53995e-08 0.00256045

0.00198627 0.000246489 0.992022
-0.000234528 0.00245267 -0.126
-6.87655e-07 5.8846e-08 0.00255942

0.00193033 0.000220127 0.99258
-0.000235616 0.00241327 -0.121529
-7.06575e-07 3.53112e-08 0.0025386

0.00190358 0.000210468 0.992853
-0.000236393 0.00239496 -0.119281
-7.18039e-07 2.46032e-08 0.00253016

0.0018469 0.000204821 0.993558
-0.000243193 0.00236159 -0.113253
-7.54329e-07 -2.57914e-09 0.00252335

0.00186511 0.000203983 0.993317
-0.00024022 0.00237115 -0.115352
-7.409e-07 5.77232e-09 0.00252395

0.00185251 0.000202977 0.993481
-0.000241845 0.00236364 -0.113934
-7.48797e-07 -9.1182e-10 0.00252268

0.00182539 0.000187968 0.993863
-0.000242075 0.0023383 -0.11055
-7.52585e-07 -3.16417e-08 0.00251521

0.00184891 0.00019178 0.993541
-0.000239521 0.00235426 -0.113406
-7.40457e-07 -1.48674e-08 0.00251794

0.00180549 0.000175205 0.994148
-0.000241996 0.00231833 -0.107956
-7.55325e-07 -5.63438e-08 0.00250945

0.0017946 0.000169143 0.994303
-0.000242171 0.00230784 -0.106516
-7.57651e-07 -6.91708e-08 0.0025067

0.0017751 0.000162779 0.994595
-0.000243574 0.00229121 -0.103759
-7.64522e-07 -8.95569e-08 0.00250387

0.00178176 0.000163074 0.994486
-0.00024258 0.00229594 -0.104799
-7.60972e-07 -8.3583e-08 0.00250386

0.00177635 0.000160822 0.994562
-0.000242789 0.00229104 -0.104074
-7.6245e-07 -8.94746e-08 0.00250274

0.00176657 0.00015843 0.994707
-0.000243619 0.00228302 -0.102676
-7.66133e-07 -9.91964e-08 0.00250155

0.00176485 0.000157555 0.994728
-0.000243578 0.00228135 -0.102479
-7.66332e-07 -1.01104e-07 0.002501

0.00176064 0.000156675 0.994789
-0.000243913 0.00227792 -0.101887
-7.67797e-07 -1.05245e-07 0.00250047

0.00175741 0.000156125 0.994835
-0.000244176 0.00227532 -0.101434
-7.68909e-07 -1.08367e-07 0.00250008

0.001756 0.000155821 0.994852
-0.000244221 0.00227417 -0.10127
-7.69229e-07 -1.09646e-07 0.00249977

0.00175308 0.000155615 0.994894
-0.000244512 0.00227195 -0.100853
-7.70315e-07 -1.12323e-07 0.00249952

0.00236809 0.000474262 0.988331
-0.000204549 0.00269835 -0.152256
-5.21208e-07 1.42048e-07 0.00273135

0.00234078 0.00045333 0.988696
-0.000207794 0.00267778 -0.149867
-5.30161e-07 1.35252e-07 0.00271624

0.00227004 0.000410091 0.989555
-0.000215812 0.00263064 -0.144091
-5.62168e-07 1.09141e-07 0.00268776

0.00221484 0.000383143 0.990004
-0.000221662 0.00260089 -0.140975
-5.92755e-07 1.0111e-07 0.00266596

0.00218493 0.000373306 0.99028
-0.000225492 0.00258641 -0.139022
-6.13519e-07 9.29211e-08 0.0026589

0.00214824 0.000357286 0.990566
-0.00022991 0.002568 -0.136968
-6.36687e-07 9.28707e-08 0.00264445

0.00211091 0.00034392 0.990962
-0.0002346 0.00254779 -0.134077
-6.60967e-07 8.21344e-08 0.00263481

0.00206672 0.000319936 0.991381
-0.000237983 0.0025199 -0.130943
-6.81958e-07 7.39048e-08 0.00261598

0.0019893 0.000271009 0.992184
-0.000239879 0.002462 -0.124713
-7.04156e-07 4.25078e-08 0.00258086

0.00198711 0.000257103 0.992092
-0.000237076 0.00245678 -0.125445
-6.95915e-07 5.23855e-08 0.00256858

0.00193412 0.000230712 0.992643
-0.000238072 0.00241831 -0.121011
-7.12192e-07 2.61388e-08 0.00254904

0.00189908 0.000215986 0.99295
-0.000238849 0.00239506 -0.118464
-7.26224e-07 1.99207e-08 0.00253455

0.00186377 0.000213124 0.993388
-0.000242986 0.00237459 -0.11474
-7.48768e-07 3.65538e-09 0.00253045

0.00183402 0.000203084 0.993791
-0.000244424 0.00235106 -0.111197
-7.57286e-07 -2.12627e-08 0.00252391

0.00180677 0.000185423 0.994182
-0.000243946 0.00232347 -0.107644
-7.58985e-07 -5.43789e-08 0.00251529

0.00181873 0.000189085 0.993969
-0.000243283 0.00233457 -0.109591
-7.56858e-07 -3.67381e-08 0.00251582

0.00179996 0.000176613 0.994239
-0.000243149 0.00231544 -0.107114
-7.59207e-07 -6.01595e-08 0.00251017

0.00177548 0.000167507 0.994647
-0.000244666 0.00229269 -0.103264
-7.65962e-07 -9.15559e-08 0.00250748

0.00177871 0.000165728 0.994553
-0.000243786 0.00229515 -0.104165
-7.64293e-07 -8.52155e-08 0.00250543

0.00176533 0.000160918 0.994762
-0.000244629 0.00228295 -0.102142
-7.68323e-07 -1.00934e-07 0.00250357

0.00176419 0.000159938 0.994771
-0.000244522 0.00228179 -0.102063
-7.68386e-07 -1.01875e-07 0.00250289

0.00176384 0.000159148 0.994766
-0.000244328 0.00228128 -0.102107
-7.68111e-07 -1.02016e-07 0.00250228

0.00175662 0.00015746 0.99488
-0.000244926 0.00227503 -0.10099
-7.70507e-07 -1.10106e-07 0.00250158

0.00175532 0.00015679 0.99489
-0.000244856 0.00227388 -0.100894
-7.70629e-07 -1.11081e-07 0.00250098

0.00175174 0.000156272 0.994944
-0.000245168 0.00227093 -0.100358
-7.71807e-07 -1.14813e-07 0.00250065

0.00174911 0.000156038 0.994982
-0.000245391 0.00226884 -0.099983
-7.72642e-07 -1.17361e-07 0.00250038

0.00174768 0.000155957 0.994999
-0.000245478 0.00226779 -0.0998159
-7.73033e-07 -1.18481e-07 0.00250013

0.00174537 0.00015613 0.995034
-0.000245748 0.0022661 -0.0994652
-7.7386e-07 -1.20664e-07 0.00250007

0.00239424 0.000498232 0.98791
-0.000201855 0.0027216 -0.154962
-5.15838e-07 1.50448e-07 0.00274821

0.00233484 0.000450029 0.988877
-0.000208712 0.00267227 -0.148668
-5.33919e-07 1.23055e-07 0.00271812

0.00229567 0.000424286 0.989324
-0.000213222 0.0026457 -0.145662
-5.49924e-07 1.14469e-07 0.00269867

0.002209 0.000385199 0.990117
-0.000222505 0.00259842 -0.140177
-5.99147e-07 8.97916e-08 0.00267043

0.00221161 0.00038803 0.990102
-0.000222272 0.00260039 -0.140285
-5.98546e-07 8.81435e-08 0.00267317

0.00218331 0.000377628 0.990347
-0.000226242 0.00258677 -0.138544
-6.17733e-07 8.51568e-08 0.00266419

0.00211113 0.000349632 0.991069
-0.000235294 0.00254779 -0.133279
-6.62896e-07 6.92519e-08 0.00264231

0.0020496 0.000319225 0.991724
-0.000240545 0.00250824 -0.128323
-6.92528e-07 5.00953e-08 0.0026198

0.00198681 0.000276665 0.992299
-0.000241151 0.00246113 -0.123797
-7.07938e-07 3.17084e-08 0.00258684

0.00195922 0.000265996 0.992688
-0.00024115 0.00243862 -0.120643
-7.12223e-07 4.86842e-09 0.00258096

0.00192071 0.000244029 0.993055
-0.000241314 0.00240978 -0.117584
-7.223e-07 -9.97905e-09 0.00256356

0.00184893 0.000210439 0.993663
-0.000244002 0.00236165 -0.11233
-7.51116e-07 -1.94363e-08 0.00253099

0.00184998 0.000210303 0.993816
-0.000242892 0.00235595 -0.110968
-7.42095e-07 -4.56242e-08 0.00253691

0.00182034 0.000193824 0.994093
-0.000243032 0.00233257 -0.108459
-7.50565e-07 -5.66107e-08 0.00252305

0.00180973 0.000187883 0.994214
-0.000243462 0.00232375 -0.107345
-7.54528e-07 -6.27904e-08 0.002519

0.00179109 0.000176005 0.994413
-0.00024419 0.00230794 -0.105489
-7.62134e-07 -7.30335e-08 0.00251112

0.00177886 0.000169734 0.994608
-0.000244618 0.00229583 -0.103634
-7.64943e-07 -8.87845e-08 0.0025088

0.00176718 0.000163925 0.994785
-0.000245094 0.00228453 -0.101925
-7.68085e-07 -1.02523e-07 0.00250633

0.00176278 0.000161352 0.994831
-0.000245154 0.00228058 -0.101468
-7.69384e-07 -1.05885e-07 0.00250461

0.00176093 0.000159801 0.994839
-0.000245016 0.00227895 -0.101398
-7.69741e-07 -1.06531e-07 0.00250333

0.00176176 0.000160136 0.994827
-0.000244981 0.00227971 -0.101513
-7.6952e-07 -1.05628e-07 0.0025035

0.00174947 0.00015738 0.995036
-0.00024601 0.00226848 -0.0994394
-7.73195e-07 -1.21148e-07 0.00250274

0.00174659 0.000157036 0.995078
-0.00024624 0.00226612 -0.0990224
-7.74064e-07 -1.24008e-07 0.0025024

0.00174634 0.00015683 0.995071
-0.000246174 0.0022661 -0.0990936
-7.74109e-07 -1.23387e-07 0.00250198

0.00174425 0.000156838 0.995099
-0.000246357 0.00226454 -0.0988122
-7.74754e-07 -1.25178e-07 0.00250174

0.0017418 0.000157432 0.995146
-0.000246733 0.00226261 -0.0983375
-7.75589e-07 -1.28266e-07 0.00250207

0.00174198 0.000157112 0.995123
-0.000246549 0.0022631 -0.0985669
-7.7546e-07 -1.265e-07 0.00250137

0.00174022 0.00015782 0.995155
-0.000246848 0.00226188 -0.0982444
-7.76103e-07 -1.28411e-07 0.00250163

0.00240726 0.000513446 0.987655
-0.000201086 0.00273623 -0.156576
-5.16569e-07 1.54346e-07 0.0027597

0.002374 0.000479703 0.988282
-0.000203967 0.00270292 -0.152574
-5.20618e-07 1.39446e-07 0.00273709

0.00234371 0.000459284 0.988737
-0.000207213 0.00268042 -0.149594
-5.32987e-07 1.20495e-07 0.00272663

0.00224952 0.000411259 0.989743
-0.000217477 0.00262367 -0.142791
-5.79175e-07 8.87818e-08 0.00269286

0.00217948 0.000381829 0.990423
-0.000227142 0.00258647 -0.137999
-6.22593e-07 7.76534e-08 0.00266881

0.00220921 0.000395711 0.990138
-0.000223022 0.00260278 -0.140025
-6.04145e-07 8.04805e-08 0.00268038

0.00213536 0.000366288 0.990935
-0.000232176 0.002561 -0.134271
-6.46995e-07 5.91958e-08 0.00265821

0.00213045 0.000363686 0.990983
-0.00023281 0.0025581 -0.133921
-6.50017e-07 5.87953e-08 0.00265611

0.00202083 0.000306029 0.992095
-0.000242117 0.00248717 -0.125423
-7.02569e-07 3.12007e-08 0.00261178

0.00197067 0.000277623 0.992728
-0.000239735 0.00244316 -0.120309
-7.0227e-07 -1.14517e-08 0.00259295

0.00189738 0.000231993 0.993264
-0.000241852 0.00239333 -0.115802
-7.30013e-07 -1.59605e-08 0.00255301

0.00186991 0.000219144 0.99384
-0.000240443 0.00236163 -0.110749
-7.25429e-07 -7.00247e-08 0.00255178

0.00184657 0.000205654 0.994115
-0.000240754 0.00234177 -0.108254
-7.3132e-07 -8.63601e-08 0.00254314

0.00182092 0.000190068 0.994374
-0.000240647 0.00232012 -0.105854
-7.37326e-07 -1.00001e-07 0.00253147

0.0017868 0.000172304 0.994807
-0.000242547 0.00229073 -0.101709
-7.50663e-07 -1.23845e-07 0.00252032

0.00178952 0.000176292 0.994479
-0.000244278 0.00230552 -0.104864
-7.61318e-07 -8.01405e-08 0.00251261

0.00177376 0.000168243 0.994759
-0.000244845 0.00228894 -0.102178
-7.64471e-07 -1.03546e-07 0.00251049

0.00175816 0.000161783 0.99508
-0.000245747 0.00227148 -0.0989988
-7.67688e-07 -1.30499e-07 0.00251014

0.00175508 0.000160035 0.995021
-0.00024596 0.00227199 -0.0995877
-7.70931e-07 -1.21727e-07 0.00250613

0.00175171 0.000159498 0.995106
-0.000246286 0.00226807 -0.0987425
-7.71509e-07 -1.28825e-07 0.00250678

0.00175152 0.000158507 0.995042
-0.00024609 0.00226959 -0.0993856
-7.72447e-07 -1.2218e-07 0.00250437

0.00175488 0.000158265 0.994941
-0.000245505 0.0022734 -0.100388
-7.71566e-07 -1.14151e-07 0.00250289

0.00174514 0.000157725 0.99514
-0.000246645 0.00226418 -0.0983984
-7.74416e-07 -1.28965e-07 0.00250376

0.00174032 0.000159389 0.995228
-0.000247381 0.00226057 -0.0974994
-7.75973e-07 -1.34603e-07 0.00250438

0.00174245 0.000157744 0.995164
-0.000246848 0.00226252 -0.0981554
-7.75361e-07 -1.30029e-07 0.00250306

0.0017406 0.000158569 0.9952
-0.000247166 0.00226115 -0.0977862
-7.75969e-07 -1.32339e-07 0.00250343

0.00173977 0.000158567 0.995193
-0.000247158 0.00226104 -0.0978622
-7.76304e-07 -1.31295e-07 0.00250277

0.00173898 0.000159012 0.995201
-0.000247273 0.0022607 -0.0977787
-7.76598e-07 -1.31561e-07 0.00250273

0.00242644 0.000538515 0.987175
-0.000200463 0.00276095 -0.159572
-5.19038e-07 1.6709e-07 0.00277571

0.00239641 0.000508261 0.987804
-0.000203013 0.00273031 -0.155636
-5.24374e-07 1.46945e-07 0.00275849

0.00238709 0.000512597 0.987826
-0.000205911 0.00273189 -0.155494
-5.38294e-07 1.44021e-07 0.00276251

0.0023222 0.000461378 0.988852
-0.000210571 0.0026767 -0.148834
-5.53908e-07 1.09243e-07 0.00273008

0.00223775 0.000419303 0.989804
-0.000219141 0.00262416 -0.142365
-5.89915e-07 8.05885e-08 0.00269877

0.00215723 0.000379094 0.990723
-0.000229069 0.00257418 -0.135829
-6.32865e-07 5.96512e-08 0.00266848

0.00215088 0.000379097 0.990811
-0.000228911 0.00257025 -0.135189
-6.33118e-07 5.23639e-08 0.00266876

0.00210042 0.000350276 0.991324
-0.000236272 0.00253962 -0.131373
-6.66946e-07 4.89886e-08 0.00264655

0.00205848 0.000331937 0.99186
-0.000237473 0.00250867 -0.127262
-6.76779e-07 2.02478e-08 0.00263447

0.00199162 0.000291212 0.992676
-0.000236279 0.00245196 -0.120737
-6.8458e-07 -2.70798e-08 0.00260726

0.00195337 0.000268233 0.993169
-0.000236634 0.00241927 -0.116612
-6.9324e-07 -5.53867e-08 0.00259328

0.00191056 0.000241997 0.99358
-0.000238106 0.00238702 -0.113059
-7.07317e-07 -7.12298e-08 0.00257348

0.00182597 0.00018901 0.99455
-0.000238825 0.00231394 -0.104192
-7.27702e-07 -1.28223e-07 0.00253934

0.00179657 0.000174565 0.994801
-0.000240761 0.00229308 -0.101766
-7.41545e-07 -1.3385e-07 0.00252601

0.00179326 0.000177011 0.994609
-0.000242803 0.00230126 -0.103621
-7.51913e-07 -1.03574e-07 0.00251918

0.00177341 0.000167237 0.994937
-0.000244127 0.00228178 -0.100426
-7.58935e-07 -1.26748e-07 0.00251559

0.0017665 0.000164789 0.994977
-0.000244979 0.00227814 -0.100034
-7.63762e-07 -1.25084e-07 0.00251235

0.00176096 0.000163691 0.995234
-0.000245394 0.00226727 -0.0974428
-7.62747e-07 -1.49828e-07 0.00251673

0.00175154 0.000160197 0.995172
-0.000246395 0.00226605 -0.0980673
-7.70472e-07 -1.35912e-07 0.00250893

0.00175324 0.000161151 0.995207
-0.000246272 0.00226563 -0.097719
-7.68733e-07 -1.40834e-07 0.00251113

0.00174512 0.000158778 0.995195
-0.000246912 0.00226293 -0.0978362
-7.73941e-07 -1.34209e-07 0.00250576

0.00174515 0.000160699 0.995265
-0.00024723 0.0022614 -0.0971196
-7.73142e-07 -1.40911e-07 0.00250843

0.0017437 0.000160021 0.99525
-0.00024727 0.00226121 -0.0972732
-7.7412e-07 -1.38591e-07 0.00250702

0.00174222 0.000158922 0.995217
-0.000247184 0.00226137 -0.0976156
-7.75172e-07 -1.34659e-07 0.00250491

0.00174107 0.00016079 0.995267
-0.000247606 0.0022602 -0.0971077
-7.75388e-07 -1.38298e-07 0.00250632

0.00174002 0.000162287 0.995285
-0.000247905 0.0022599 -0.0969208
-7.75851e-07 -1.38927e-07 0.00250674

0.00173874 0.000160032 0.995233
-0.000247547 0.00226014 -0.0974553
-7.76653e-07 -1.3401e-07 0.00250386

0.00173866 0.000163022 0.995282
-0.000248081 0.00225984 -0.0969461
-7.76584e-07 -1.37617e-07 0.00250615

0.00244763 0.000572652 0.986516
-0.00020058 0.00279373 -0.163599
-5.25733e-07 1.85126e-07 0.00279632

0.00243033 0.000555265 0.986918
-0.000202598 0.00277596 -0.161155
-5.30497e-07 1.73342e-07 0.00278695

0.00237312 0.000512154 0.987972
-0.000209161 0.00272789 -0.154566
-5.52446e-07 1.37951e-07 0.00276341

0.0023549 0.000510905 0.988187
-0.000213466 0.00272187 -0.153184
-5.70311e-07 1.29435e-07 0.00276433

0.00230827 0.000478028 0.988842
-0.000215222 0.00268435 -0.148901
-5.7665e-07 1.04887e-07 0.00274189

0.00226511 0.000442603 0.989413
-0.000216162 0.00264705 -0.145058
-5.79466e-07 8.76455e-08 0.00271528

0.00222889 0.000428377 0.989831
-0.000219104 0.00262496 -0.142182
-5.92634e-07 7.22069e-08 0.0027041

0.00220838 0.000421345 0.990094
-0.000220674 0.00261205 -0.140339
-6.00422e-07 6.06843e-08 0.00269924

0.00211012 0.000362072 0.991356
-0.000228169 0.00253856 -0.131133
-6.36729e-07 1.73401e-08 0.0026581

0.00203339 0.000318959 0.992455
-0.000231777 0.0024759 -0.122542
-6.61945e-07 -3.76351e-08 0.00263351

0.00196176 0.000274447 0.993239
-0.000235625 0.00242104 -0.116018
-6.87802e-07 -6.87221e-08 0.00260226

0.00186602 0.00021382 0.99419
-0.000238237 0.00234563 -0.107566
-7.16571e-07 -1.11988e-07 0.0025586

0.00186797 0.00021149 0.994527
-0.000236797 0.00233323 -0.104401
-7.10347e-07 -1.48292e-07 0.00256795

0.00181024 0.000177507 0.994967
-0.000238651 0.00229076 -0.100124
-7.29449e-07 -1.63576e-07 0.00253897

0.00179129 0.00017165 0.995165
-0.000241272 0.00227831 -0.0981369
-7.41404e-07 -1.6777e-07 0.00253289

0.00177694 0.000167157 0.995091
-0.000243089 0.00227655 -0.09889
-7.52286e-07 -1.48749e-07 0.00252199

0.00177387 0.000169529 0.995292
-0.000244195 0.00227012 -0.0968438
-7.53756e-07 -1.64517e-07 0.00252676

0.00176752 0.000168029 0.995305
-0.000245025 0.00226787 -0.0967145
-7.58019e-07 -1.60813e-07 0.00252339

0.00176155 0.000167453 0.995324
-0.000245925 0.00226583 -0.0965193
-7.62175e-07 -1.57582e-07 0.00252063

0.00175345 0.000163692 0.9953
-0.000246578 0.00226341 -0.096762
-7.67499e-07 -1.50012e-07 0.00251468

0.0017483 0.000161821 0.995282
-0.00024702 0.0022621 -0.0969485
-7.71033e-07 -1.44629e-07 0.00251091

0.00174877 0.000165611 0.995333
-0.000247498 0.002262 -0.0964231
-7.70592e-07 -1.48632e-07 0.00251369

0.00174461 0.000163744 0.995316
-0.000247721 0.00226079 -0.0966038
-7.73138e-07 -1.44512e-07 0.00251047

0.00174902 0.000169457 0.995346
-0.000248011 0.00226324 -0.0962948
-7.70914e-07 -1.48237e-07 0.00251523

0.00174292 0.000165181 0.995322
-0.000248083 0.00226072 -0.0965425
-7.74204e-07 -1.43324e-07 0.00251015

0.00174304 0.000167046 0.995328
-0.000248321 0.00226129 -0.0964734
-7.74274e-07 -1.43283e-07 0.00251093

0.0017415 0.000166499 0.99532
-0.00024838 0.0022609 -0.0965552
-7.75128e-07 -1.41701e-07 0.00250974

0.00174168 0.000168099 0.995323
-0.000248574 0.00226151 -0.0965242
-7.75174e-07 -1.41435e-07 0.00251037

0.00242464 0.00059702 0.986442
-0.000210402 0.00280741 -0.164045
-5.6929e-07 1.80682e-07 0.00281465

0.0024196 0.000572307 0.98681
-0.000208137 0.00278694 -0.161816
-5.55817e-07 1.73959e-07 0.00279882

0.00237471 0.00054773 0.987596
-0.000215299 0.0027556 -0.156949
-5.80817e-07 1.47704e-07 0.0027868

0.00234179 0.000517357 0.988246
-0.000216944 0.00272293 -0.152802
-5.84892e-07 1.25378e-07 0.00276883

0.00232421 0.000505277 0.988458
-0.000216243 0.00270864 -0.151429
-5.81962e-07 1.16072e-07 0.00275932

0.00229561 0.000484609 0.988851
-0.000216097 0.00268438 -0.148839
-5.81173e-07 1.01192e-07 0.00274379

0.00222939 0.000437918 0.989809
-0.000219395 0.00262971 -0.14233
-5.95063e-07 6.88529e-08 0.00271106

0.00222481 0.000444001 0.989876
-0.000220253 0.0026302 -0.141865
-5.99732e-07 6.27722e-08 0.00271596

0.002124 0.000376881 0.991298
-0.000226238 0.00254794 -0.131567
-6.3003e-07 9.02078e-09 0.00267156

0.00205239 0.000337263 0.992457
-0.000231385 0.00248801 -0.122523
-6.58583e-07 -4.65589e-08 0.00265173

0.00198153 0.000287772 0.993365
-0.000233856 0.00242649 -0.114931
-6.7854e-07 -9.09946e-08 0.00262086

0.00193435 0.000255365 0.99408
-0.000235266 0.00238121 -0.108578
-6.91675e-07 -1.32354e-07 0.00260424

0.00188201 0.000220036 0.994758
-0.000236947 0.00233312 -0.102181
-7.06706e-07 -1.70693e-07 0.00258347

0.00184761 0.000199468 0.995044
-0.000238202 0.00230692 -0.0993545
-7.17549e-07 -1.82938e-07 0.00256694

0.00181586 0.00018391 0.995188
-0.000239857 0.00228811 -0.0979104
-7.29859e-07 -1.81803e-07 0.00254973

0.00178914 0.00017404 0.995262
-0.000242377 0.00227592 -0.0971483
-7.44118e-07 -1.72623e-07 0.00253512

0.00179163 0.000179933 0.995287
-0.000243212 0.00227842 -0.0968949
-7.44957e-07 -1.72476e-07 0.00253871

0.00177048 0.000171933 0.995329
-0.000245257 0.00226938 -0.0964687
-7.56957e-07 -1.63248e-07 0.00252666

0.0017805 0.000178381 0.995315
-0.000244791 0.0022747 -0.0966048
-7.52156e-07 -1.66428e-07 0.00253328

0.00176506 0.000173554 0.995343
-0.000246412 0.00226857 -0.0963161
-7.61234e-07 -1.58882e-07 0.00252469

0.001762 0.000174778 0.995345
-0.000247069 0.00226842 -0.0962958
-7.63643e-07 -1.55756e-07 0.00252348

0.00176149 0.000176834 0.995341
-0.000247465 0.00226939 -0.0963439
-7.64534e-07 -1.53693e-07 0.00252365

0.00175461 0.000172333 0.995349
-0.00024772 0.00226563 -0.0962557
-7.67888e-07 -1.51499e-07 0.00251906

0.00174831 0.000170797 0.995344
-0.000248277 0.00226369 -0.0963121
-7.7157e-07 -1.46893e-07 0.00251518

0.00174635 0.000171113 0.995339
-0.000248533 0.0022635 -0.0963653
-7.72818e-07 -1.44805e-07 0.00251409

0.00175059 0.000175246 0.995337
-0.000248628 0.00226636 -0.0963822
-7.71005e-07 -1.45723e-07 0.00251741

0.00174948 0.000176329 0.99533
-0.000248897 0.00226679 -0.096453
-7.71876e-07 -1.43719e-07 0.00251694

0.00174606 0.000173316 0.995332
-0.000248853 0.00226457 -0.096432
-7.73345e-07 -1.42939e-07 0.00251437

0.00241089 0.000606321 0.986497
-0.000215409 0.00281075 -0.163712
-5.8943e-07 1.73177e-07 0.00282319

0.00240205 0.000593074 0.986726
-0.00021527 0.00279847 -0.162324
-5.8673e-07 1.69173e-07 0.00281409

0.0023719 0.000559267 0.98747
-0.000217071 0.00276366 -0.157737
-5.88832e-07 1.49072e-07 0.00279384

0.00234659 0.000537611 0.987935
-0.000217419 0.00273938 -0.154798
-5.8804e-07 1.32036e-07 0.00278007

0.00231242 0.00050748 0.988516
-0.000216661 0.00270571 -0.151051
-5.83877e-07 1.10752e-07 0.00275912

0.00232682 0.000529641 0.98821
-0.000218204 0.00272619 -0.153035
-5.90102e-07 1.19433e-07 0.00277451

0.00227843 0.000485769 0.989059
-0.00021845 0.00267789 -0.147452
-5.90895e-07 9.11581e-08 0.00274465

0.00222301 0.000456749 0.989949
-0.000222634 0.00263541 -0.141358
-6.09535e-07 5.67885e-08 0.00272676

0.00212484 0.000389175 0.991493
-0.000227977 0.00254998 -0.130086
-6.3771e-07 -5.7142e-09 0.00268525

0.00205079 0.000341133 0.99282
-0.000232448 0.0024806 -0.119547
-6.63446e-07 -7.11967e-08 0.00266265

0.00203234 0.000325928 0.992963
-0.000232612 0.00246568 -0.118351
-6.6653e-07 -7.67151e-08 0.0026508

0.00196121 0.000275204 0.99408
-0.000235328 0.00239659 -0.108575
-6.8649e-07 -1.37338e-07 0.00262436

0.00190802 0.00023957 0.994673
-0.000237087 0.00235083 -0.102999
-7.01221e-07 -1.67834e-07 0.00260043

0.00186798 0.000216424 0.994954
-0.000238289 0.00232206 -0.100251
-7.12868e-07 -1.78169e-07 0.00257991

0.00183982 0.000203401 0.995099
-0.000239934 0.00230521 -0.09881
-7.2362e-07 -1.78378e-07 0.00256527

0.00181202 0.000190257 0.99522
-0.000241833 0.00228946 -0.097585
-7.3556e-07 -1.76111e-07 0.00255034

0.00180954 0.000193915 0.995209
-0.000242921 0.0022911 -0.0976888
-7.3883e-07 -1.70437e-07 0.00254983

0.00180476 0.000195455 0.995208
-0.000243971 0.00229099 -0.0977013
-7.42633e-07 -1.65277e-07 0.00254777

0.00178622 0.000186121 0.995284
-0.000245267 0.00228049 -0.0969237
-7.5121e-07 -1.63115e-07 0.00253756

0.00178284 0.000186756 0.995285
-0.000245912 0.0022801 -0.0969133
-7.537e-07 -1.59945e-07 0.00253601

0.0017761 0.000186729 0.995291
-0.000246932 0.00227857 -0.0968552
-7.58088e-07 -1.54928e-07 0.00253265

0.0017702 0.000185249 0.995302
-0.000247552 0.00227633 -0.0967458
-7.61387e-07 -1.52053e-07 0.00252945

0.00176303 0.000179712 0.99533
-0.000247695 0.00227137 -0.0964543
-7.64331e-07 -1.52247e-07 0.00252495

0.00177292 0.000190255 0.99527
-0.000247952 0.00228026 -0.0970726
-7.612e-07 -1.48266e-07 0.0025314

0.00175941 0.000179064 0.995332
-0.000248084 0.00227024 -0.0964369
-7.6644e-07 -1.49919e-07 0.00252293

0.00176091 0.000183205 0.995311
-0.0002485 0.0022731 -0.0966489
-7.6658e-07 -1.46825e-07 0.00252429

0.00175524 0.000181172 0.995317
-0.000248908 0.00227073 -0.096593
-7.69491e-07 -1.44163e-07 0.00252091

0.00175517 0.000182019 0.995312
-0.000249034 0.00227125 -0.0966452
-7.69725e-07 -1.43186e-07 0.00252097

0.00239514 0.000606105 0.986703
-0.000219385 0.00280591 -0.162463
-6.03756e-07 1.6315e-07 0.00282551

0.00238387 0.000584768 0.987033
-0.000217876 0.00278657 -0.160448
-5.94953e-07 1.57844e-07 0.00281012

0.00237066 0.000586301 0.987207
-0.000220899 0.00278305 -0.159373
-6.05029e-07 1.46939e-07 0.00281364

0.00235114 0.000559916 0.987687
-0.000219855 0.00275685 -0.156377
-5.97997e-07 1.35279e-07 0.00279533

0.00230863 0.000518042 0.988528
-0.000218984 0.0027108 -0.150967
-5.92675e-07 1.0748e-07 0.0027671

0.00229039 0.000509431 0.988847
-0.000220408 0.00269702 -0.148864
-5.98267e-07 9.48573e-08 0.00276222

0.00228742 0.000513988 0.988918
-0.000221552 0.00269769 -0.148396
-6.02844e-07 8.97193e-08 0.00276676

0.00224417 0.000482084 0.989671
-0.000223107 0.00265814 -0.143284
-6.10798e-07 6.28098e-08 0.002746

0.00218595 0.000438532 0.990635
-0.000225749 0.00260513 -0.136465
-6.24471e-07 2.69448e-08 0.00271824

0.002144 0.00041256 0.991417
-0.000228898 0.00256747 -0.130667
-6.39979e-07 -6.85135e-09 0.00270531

0.00206366 0.000354101 0.992816
-0.000233095 0.00249017 -0.119581
-6.63923e-07 -7.24039e-08 0.0026746

0.00202358 0.000322931 0.993381
-0.000234058 0.00245201 -0.114789
-6.72714e-07 -1.01251e-07 0.00265596

0.00193777 0.000266276 0.994366
-0.000236641 0.00237858 -0.105926
-6.94517e-07 -1.48851e-07 0.00261656

0.00197474 0.000304598 0.993819
-0.000236824 0.00242001 -0.110939
-6.88585e-07 -1.12686e-07 0.00263551

0.00188298 0.000231117 0.994811
-0.000238393 0.00233649 -0.101661
-7.099e-07 -1.67862e-07 0.00258838

0.00184366 0.0002121 0.995033
-0.000240825 0.00231223 -0.0994712
-7.24901e-07 -1.6971e-07 0.00256809

0.00186666 0.000231179 0.994829
-0.000240576 0.00233245 -0.101488
-7.18974e-07 -1.57594e-07 0.0025805

0.00183385 0.000213963 0.99503
-0.000242648 0.0023113 -0.0994969
-7.31741e-07 -1.60546e-07 0.00256353

0.00181994 0.000211275 0.99507
-0.000244362 0.00230605 -0.099097
-7.39337e-07 -1.547e-07 0.00255659

0.00179958 0.000198656 0.995193
-0.000245359 0.00229205 -0.097854
-7.47282e-07 -1.57486e-07 0.00254561

0.00178778 0.000192731 0.995246
-0.00024617 0.00228521 -0.0973197
-7.52648e-07 -1.56476e-07 0.00253919

0.00178336 0.00019323 0.995246
-0.000246922 0.00228457 -0.0973197
-7.55644e-07 -1.52558e-07 0.00253703

0.00177638 0.000189439 0.995274
-0.000247331 0.00228044 -0.097025
-7.58791e-07 -1.51943e-07 0.00253311

0.00178253 0.000195938 0.995227
-0.000247484 0.00228631 -0.0975144
-7.57062e-07 -1.48464e-07 0.00253685

0.00177823 0.000195159 0.995234
-0.000247975 0.00228483 -0.097441
-7.59447e-07 -1.46196e-07 0.00253457

0.00178036 0.000196853 0.99522
-0.000247941 0.0022865 -0.0975781
-7.58681e-07 -1.45619e-07 0.0025358

0.00176844 0.00019085 0.995265
-0.000248651 0.00227974 -0.0971232
-7.64083e-07 -1.4398e-07 0.00252909

0.00176497 0.000190048 0.995269
-0.000248982 0.00227849 -0.0970832
-7.65926e-07 -1.4215e-07 0.00252715

0.00238202 0.000608652 0.986971
-0.00022349 0.00280219 -0.16083
-6.17672e-07 1.45033e-07 0.00283358

0.00237875 0.000601093 0.987006
-0.000222137 0.0027963 -0.160616
-6.1192e-07 1.48477e-07 0.00282558

0.00236312 0.000591935 0.987346
-0.000223748 0.0027834 -0.15851
-6.14573e-07 1.34955e-07 0.0028217

0.00234906 0.000575361 0.987669
-0.000223258 0.00276609 -0.156487
-6.10284e-07 1.28114e-07 0.00280935

0.00232601 0.000551578 0.988187
-0.000222861 0.00273957 -0.153183
-6.06958e-07 1.13299e-07 0.00279314

0.00230891 0.000541266 0.988555
-0.000223045 0.00272367 -0.150795
-6.079e-07 9.73876e-08 0.00278784

0.00227956 0.000513801 0.989096
-0.000222648 0.0026928 -0.1472
-6.07551e-07 8.05256e-08 0.00276851

0.00223425 0.000479881 0.989894
-0.000224276 0.00265074 -0.141739
-6.16231e-07 5.21708e-08 0.0027465

0.00221202 0.000467906 0.990308
-0.000226197 0.00263221 -0.138817
-6.24861e-07 3.60645e-08 0.00274009

0.0021217 0.000401708 0.991906
-0.000231447 0.00254727 -0.1269
-6.51312e-07 -2.88684e-08 0.00270217

0.00210658 0.000395322 0.992197
-0.000232991 0.00253454 -0.124604
-6.5827e-07 -4.12434e-08 0.00269939

0.00202093 0.000325251 0.993471
-0.000234651 0.00245012 -0.114006
-6.75081e-07 -1.0483e-07 0.00265787

0.00199778 0.000313176 0.993681
-0.000235469 0.00243326 -0.112163
-6.81151e-07 -1.12237e-07 0.0026469

0.00195876 0.000283586 0.994127
-0.000236294 0.00239819 -0.108145
-6.89892e-07 -1.35207e-07 0.0026273

0.00191049 0.000255839 0.994514
-0.000238289 0.00236299 -0.104528
-7.04078e-07 -1.48665e-07 0.00260291

0.00190383 0.000261075 0.994455
-0.000239956 0.00236582 -0.105091
-7.09567e-07 -1.36381e-07 0.00259977

0.00185963 0.000230897 0.994839
-0.000241579 0.00233059 -0.101385
-7.2301e-07 -1.5333e-07 0.00257706

0.00189453 0.000257635 0.994505
-0.000240765 0.00236077 -0.104616
-7.13428e-07 -1.35625e-07 0.0025951

0.00185208 0.000231864 0.994838
-0.000242907 0.00232965 -0.101402
-7.27919e-07 -1.4674e-07 0.00257341

0.00181879 0.000214658 0.995041
-0.000245131 0.0023084 -0.0993841
-7.41383e-07 -1.49045e-07 0.00255623

0.00183974 0.000230174 0.994869
-0.00024454 0.00232549 -0.101099
-7.34645e-07 -1.40771e-07 0.00256727

0.00180267 0.0002068 0.995126
-0.000246275 0.00229875 -0.0985341
-7.48381e-07 -1.48673e-07 0.00254777

0.00179757 0.000206096 0.995136
-0.000246929 0.00229709 -0.0984322
-7.51265e-07 -1.45939e-07 0.00254517

0.00179151 0.000204136 0.995157
-0.000247504 0.00229428 -0.0982246
-7.54281e-07 -1.4419e-07 0.00254198

0.00178571 0.000201797 0.995179
-0.000247965 0.00229127 -0.0979991
-7.57007e-07 -1.43068e-07 0.00253888

0.00179192 0.000207087 0.995131
-0.00024792 0.0022966 -0.0984845
-7.54989e-07 -1.40401e-07 0.00254235

0.00178176 0.00020138 0.995183
-0.000248454 0.00229012 -0.0979537
-7.59223e-07 -1.40646e-07 0.00253681

0.0017781 0.000200021 0.995195
-0.000248747 0.00228833 -0.0978359
-7.60973e-07 -1.39674e-07 0.00253482

0.00236966 0.00061009 0.987242
-0.000227664 0.0027981 -0.159155
-6.30576e-07 1.28695e-07 0.00284057

0.00237025 0.000603748 0.987238
-0.00022518 0.00279368 -0.159185
-6.22143e-07 1.3265e-07 0.00283345

0.00235977 0.000597391 0.987443
-0.000225827 0.00278497 -0.157904
-6.21696e-07 1.25314e-07 0.00282955

0.00234691 0.00058232 0.98773
-0.00022498 0.00276895 -0.1561
-6.1631e-07 1.19834e-07 0.00281752

0.00233359 0.000570477 0.988045
-0.000224919 0.00275433 -0.154098
-6.15001e-07 1.09902e-07 0.00280989

0.00231135 0.00054986 0.988528
-0.000224384 0.00272971 -0.150967
-6.12917e-07 9.48608e-08 0.00279581

0.00228454 0.000524916 0.98906
-0.00022387 0.00270073 -0.147447
-6.12174e-07 7.80456e-08 0.00277855

0.00225656 0.000503581 0.989574
-0.000224552 0.00267396 -0.143957
-6.16413e-07 6.01716e-08 0.00276451

0.00222367 0.000482628 0.990126
-0.000226738 0.002646 -0.140108
-6.26115e-07 4.17513e-08 0.00275048

0.00220415 0.000472053 0.990459
-0.000228533 0.00263029 -0.137734
-6.33668e-07 3.0338e-08 0.00274378

0.00212462 0.000415132 0.991823
-0.000232735 0.00255646 -0.12755
-6.55314e-07 -2.24941e-08 0.00270886

0.0020516 0.000354283 0.992999
-0.000234399 0.00248288 -0.118048
-6.69974e-07 -7.84668e-08 0.00267362

0.00203495 0.000348851 0.993095
-0.000235282 0.00247375 -0.117235
-6.74861e-07 -7.85099e-08 0.00266555

0.0020072 0.000329736 0.993418
-0.000236126 0.00244997 -0.114469
-6.81393e-07 -9.25344e-08 0.00265175

0.0019645 0.000299779 0.993893
-0.000237428 0.00241337 -0.110268
-6.91885e-07 -1.14051e-07 0.00263038

0.00192733 0.000275266 0.994255
-0.00023883 0.00238338 -0.106957
-7.02185e-07 -1.29339e-07 0.00261165

0.00195554 0.000299727 0.993897
-0.000238578 0.00241128 -0.110234
-6.96275e-07 -1.08492e-07 0.00262588

0.0018858 0.000255416 0.994539
-0.000241712 0.00235691 -0.104286
-7.17515e-07 -1.33256e-07 0.00259073

0.00188983 0.000262217 0.994453
-0.000242237 0.00236365 -0.105109
-7.17844e-07 -1.25203e-07 0.00259282

0.00185641 0.000239506 0.994752
-0.000243546 0.00233691 -0.102243
-7.28364e-07 -1.38042e-07 0.00257581

0.001848 0.000237313 0.994784
-0.000244481 0.00233321 -0.101923
-7.32474e-07 -1.35609e-07 0.00257158

0.00183043 0.000228339 0.994897
-0.000245672 0.0023219 -0.100818
-7.39494e-07 -1.37032e-07 0.00256258

0.00181551 0.000220197 0.994993
-0.000246578 0.00231202 -0.0998716
-7.45408e-07 -1.38633e-07 0.00255485

0.00181227 0.000220549 0.994992
-0.000247126 0.00231158 -0.0998783
-7.47442e-07 -1.35797e-07 0.00255322

0.00180198 0.000213364 0.995068
-0.000247472 0.00230364 -0.0991157
-7.51087e-07 -1.38858e-07 0.00254775

0.0018052 0.000216808 0.995034
-0.00024756 0.00230705 -0.0994632
-7.5033e-07 -1.36205e-07 0.00254952

0.00179637 0.000212109 0.995083
-0.000248086 0.00230143 -0.0989649
-7.5397e-07 -1.36565e-07 0.00254484

0.00178875 0.000208549 0.995119
-0.000248601 0.00229703 -0.0986046
-7.57292e-07 -1.3599e-07 0.00254077

0.00236446 0.000611694 0.98734
-0.000229856 0.0027974 -0.158548
-6.36661e-07 1.22268e-07 0.00284419

0.00236346 0.000604529 0.987387
-0.000227301 0.0027913 -0.158258
-6.27987e-07 1.23742e-07 0.00283702

0.00235576 0.000601628 0.987562
-0.000228515 0.00278581 -0.157162
-6.30629e-07 1.16618e-07 0.00283656

0.00234676 0.000592363 0.987777
-0.00022797 0.00277499 -0.155804
-6.27358e-07 1.11452e-07 0.00282952

0.002333 0.00057819 0.988105
-0.000227182 0.00275838 -0.153714
-6.23402e-07 1.02722e-07 0.00281918

0.00232972 0.000572924 0.988167
-0.000226351 0.00275333 -0.153315
-6.20262e-07 1.02136e-07 0.00281443

0.00230415 0.000549805 0.988707
-0.000225835 0.00272551 -0.149789
-6.18619e-07 8.59413e-08 0.0027982

0.00227926 0.000526381 0.989193
-0.000225125 0.00269831 -0.146547
-6.17389e-07 7.08693e-08 0.00278155

0.00225105 0.000508879 0.989633
-0.000226535 0.00267497 -0.143547
-6.23784e-07 5.75234e-08 0.0027683

0.00217644 0.000454306 0.990934
-0.000230469 0.00260608 -0.134278
-6.42489e-07 1.33487e-08 0.00273254

0.00217376 0.000457539 0.990911
-0.000231153 0.00260757 -0.134449
-6.44811e-07 1.58241e-08 0.00273285

0.00206391 0.00036828 0.99275
-0.000234409 0.00249837 -0.120124
-6.68255e-07 -6.40277e-08 0.00267981

0.00210627 0.000407275 0.991999
-0.000233718 0.00254427 -0.126171
-6.60332e-07 -2.68431e-08 0.00270051

0.00205187 0.000369661 0.992721
-0.000235628 0.00249669 -0.120366
-6.72978e-07 -5.55665e-08 0.00267378

0.00199974 0.000331647 0.993386
-0.000237216 0.00244999 -0.114748
-6.85232e-07 -8.499e-08 0.00264794

0.0019958 0.000331806 0.993383
-0.00023774 0.00244926 -0.114773
-6.871e-07 -8.22104e-08 0.0026459

0.00195478 0.000303094 0.993847
-0.000239183 0.00241413 -0.110682
-6.97818e-07 -1.02523e-07 0.00262545

0.00193701 0.000293598 0.993996
-0.000240272 0.00240169 -0.109343
-7.03693e-07 -1.06239e-07 0.00261653

0.00191891 0.000282836 0.994159
-0.000241233 0.00238813 -0.107851
-7.09467e-07 -1.11637e-07 0.00260745

0.00188402 0.000261664 0.994465
-0.000243041 0.00236187 -0.104992
-7.20914e-07 -1.22119e-07 0.0025899

0.00187803 0.000260043 0.994491
-0.000243696 0.00235914 -0.104747
-7.2369e-07 -1.20598e-07 0.00258688

0.00185424 0.000244981 0.994693
-0.000244825 0.002341 -0.102811
-7.31705e-07 -1.2803e-07 0.00257483

0.00185171 0.000246527 0.994678
-0.000245481 0.00234174 -0.102956
-7.33708e-07 -1.23848e-07 0.00257357

0.00183705 0.000237129 0.994798
-0.000246146 0.00233059 -0.101793
-7.38783e-07 -1.28255e-07 0.00256609

0.00182733 0.000232484 0.994857
-0.000246846 0.00232459 -0.101214
-7.42763e-07 -1.28552e-07 0.00256111

0.0018212 0.000229989 0.994889
-0.000247353 0.00232118 -0.100901
-7.45431e-07 -1.28018e-07 0.00255796

0.00180697 0.00022096 0.994992
-0.000247976 0.00231073 -0.0998796
-7.50643e-07 -1.31387e-07 0.00255053

0.00179608 0.00021414 0.995064
-0.000248449 0.00230295 -0.0991553
-7.54759e-07 -1.3344e-07 0.00254476

0.00235705 0.00061216 0.987471
-0.00023239 0.00279523 -0.157732
-6.42769e-07 1.15369e-07 0.00284678

0.00236026 0.000607738 0.987441
-0.000229532 0.00279258 -0.157917
-6.34745e-07 1.192e-07 0.00284149

0.00234782 0.000601147 0.98776
-0.000231162 0.00278195 -0.155912
-6.38379e-07 1.07925e-07 0.00283926

0.00233551 0.000586896 0.98809
-0.000229718 0.00276526 -0.153808
-6.3253e-07 9.954e-08 0.00282875

0.00232225 0.000575095 0.988413
-0.000229637 0.00275038 -0.151717
-6.31717e-07 9.00453e-08 0.00282097

0.00231531 0.000565223 0.98853
-0.000227852 0.00274047 -0.150955
-6.25587e-07 8.8233e-08 0.00281194

0.00230203 0.00055486 0.988771
-0.000227452 0.00272731 -0.149368
-6.24773e-07 8.0598e-08 0.00280407

0.00228434 0.000537953 0.989061
-0.000226493 0.00270845 -0.147436
-6.22136e-07 7.35127e-08 0.00279011

0.00226944 0.000529021 0.989256
-0.000227041 0.0026968 -0.146122
-6.24526e-07 6.882e-08 0.00278206

0.00222414 0.000494941 0.990031
-0.00022877 0.00265477 -0.140777
-6.32801e-07 4.61531e-08 0.00275733

0.0021981 0.000478084 0.990448
-0.00023029 0.00263248 -0.137817
-6.39682e-07 3.3132e-08 0.00274513

0.00215048 0.000441513 0.991277
-0.000232233 0.00258679 -0.131724
-6.50548e-07 2.65229e-09 0.00272189

0.00211663 0.000419335 0.991751
-0.000233699 0.0025579 -0.128109
-6.58676e-07 -1.4049e-08 0.00270552

0.00208864 0.000397411 0.992194
-0.000234541 0.00253091 -0.124633
-6.64786e-07 -3.27809e-08 0.00269186

0.00206329 0.000381733 0.992492
-0.000235659 0.00251052 -0.122234
-6.71158e-07 -4.29568e-08 0.00267925

0.00203049 0.000361657 0.99286
-0.000237217 0.00248454 -0.119209
-6.79883e-07 -5.52278e-08 0.00266286

0.00198847 0.000330306 0.993408
-0.000238511 0.00244629 -0.114555
-6.90094e-07 -7.98832e-08 0.00264213

0.0019683 0.000318547 0.993604
-0.000239601 0.00243112 -0.112849
-6.96178e-07 -8.59959e-08 0.00263204

0.00194799 0.000306913 0.993793
-0.000240762 0.00241611 -0.111172
-7.02584e-07 -9.16315e-08 0.00262186

0.00191805 0.000287395 0.994096
-0.000242113 0.002392 -0.108425
-7.11555e-07 -1.03568e-07 0.00260694

0.00191593 0.000288875 0.994077
-0.000242683 0.00239286 -0.1086
-7.13194e-07 -9.96537e-08 0.00260581

0.00189371 0.000274289 0.994295
-0.000243673 0.00237503 -0.106592
-7.201e-07 -1.08352e-07 0.00259473

0.00187165 0.00026018 0.994496
-0.00024471 0.00235784 -0.104703
-7.27306e-07 -1.15976e-07 0.00258366

0.00186407 0.000256851 0.994544
-0.00024532 0.00235328 -0.104244
-7.30364e-07 -1.16058e-07 0.00257983

0.00185023 0.000248721 0.994654
-0.000246079 0.00234326 -0.103186
-7.35299e-07 -1.19363e-07 0.00257283

0.00184252 0.000245266 0.994702
-0.000246678 0.00233861 -0.102729
-7.38448e-07 -1.19419e-07 0.00256891

0.00183728 0.000243093 0.994731
-0.000247109 0.00233561 -0.102441
-7.40651e-07 -1.19152e-07 0.00256623

0.0018168 0.000229618 0.994896
-0.000247944 0.00231989 -0.100828
-7.47797e-07 -1.25456e-07 0.00255571

0.00235448 0.000613741 0.987512
-0.000234095 0.00279572 -0.157475
-6.46888e-07 1.12348e-07 0.0028493

0.00234725 0.000608221 0.987699
-0.00023427 0.00278822 -0.156298
-6.4735e-07 1.07929e-07 0.00284563

0.00233673 0.000599592 0.988065
-0.000235062 0.00277573 -0.153968
-6.49786e-07 9.62715e-08 0.00284243

0.00233353 0.000592027 0.988207
-0.000233011 0.0027675 -0.153056
-6.43649e-07 9.23396e-08 0.0028369

0.00232208 0.00058079 0.988529
-0.000232509 0.00275316 -0.150963
-6.41686e-07 8.25756e-08 0.00282991

0.00231322 0.000568582 0.988669
-0.000229885 0.00274055 -0.150042
-6.32916e-07 8.02829e-08 0.00281831

0.00230535 0.000561778 0.988719
-0.000228628 0.00273329 -0.149713
-6.28924e-07 8.00816e-08 0.00281058

0.00228669 0.000546167 0.988933
-0.000227509 0.0027159 -0.148292
-6.25517e-07 7.69348e-08 0.00279514

0.00225643 0.000521455 0.989436
-0.000227767 0.00268671 -0.144902
-6.27472e-07 6.44291e-08 0.00277548

0.00222377 0.000498063 0.989983
-0.000229227 0.00265725 -0.141116
-6.34182e-07 4.85973e-08 0.00275826

0.00221388 0.000494196 0.990083
-0.000230009 0.00265113 -0.140412
-6.37211e-07 4.67586e-08 0.00275385

0.002166 0.000456677 0.990945
-0.00023188 0.00260458 -0.134198
-6.47554e-07 1.68021e-08 0.00272967

0.0021529 0.000449229 0.991109
-0.000232574 0.00259447 -0.132984
-6.50836e-07 1.21879e-08 0.00272324

0.00213504 0.000438903 0.991326
-0.000233496 0.00258066 -0.131353
-6.55249e-07 6.16655e-09 0.00271426

0.00208529 0.000401109 0.992112
-0.000235245 0.00253368 -0.125285
-6.66656e-07 -2.48343e-08 0.00268987

0.00205368 0.000379383 0.992531
-0.000236518 0.00250625 -0.121922
-6.74452e-07 -4.06877e-08 0.00267421

0.00202039 0.000357759 0.992928
-0.000238024 0.00247874 -0.118643
-6.83274e-07 -5.50183e-08 0.00265764

0.00199266 0.000341279 0.99322
-0.000239524 0.00245742 -0.116179
-6.9136e-07 -6.41198e-08 0.00264376

0.00196229 0.000319721 0.993586
-0.000240659 0.00243092 -0.113001
-6.99526e-07 -7.98844e-08 0.00262882

0.0019402 0.000305058 0.993825
-0.000241632 0.00241274 -0.110885
-7.05953e-07 -8.93798e-08 0.00261787

0.00193898 0.000306668 0.993801
-0.000242077 0.00241395 -0.111099
-7.07094e-07 -8.58053e-08 0.00261715

0.00192541 0.000298561 0.993931
-0.000242825 0.00240364 -0.109932
-7.11444e-07 -9.00297e-08 0.00261039

0.00190618 0.000286105 0.994124
-0.000243724 0.00238825 -0.108174
-7.17421e-07 -9.74887e-08 0.00260084

0.00188014 0.000269779 0.994366
-0.000245016 0.00236806 -0.105924
-7.25927e-07 -1.06311e-07 0.00258785

0.00187813 0.000270819 0.994355
-0.000245499 0.00236853 -0.106033
-7.27339e-07 -1.0321e-07 0.00258678

0.00186551 0.000262561 0.994472
-0.000246057 0.00235853 -0.104926
-7.31464e-07 -1.07872e-07 0.00258048

0.00185256 0.000255084 0.994576
-0.000246787 0.00234919 -0.103933
-7.3609e-07 -1.10869e-07 0.00257395

0.00183586 0.000244358 0.994718
-0.00024753 0.00233636 -0.102569
-7.41825e-07 -1.1618e-07 0.0025655

0.00234852 0.000613174 0.98762
-0.000236158 0.00279341 -0.156797
-6.51986e-07 1.08591e-07 0.00285

0.0023397 0.00060609 0.987916
-0.000236724 0.00278319 -0.154922
-6.53951e-07 9.99604e-08 0.00284693

0.00233002 0.00059562 0.988307
-0.000236349 0.00276882 -0.152404
-6.53639e-07 8.7672e-08 0.00284241

0.0023232 0.000586504 0.988607
-0.000235352 0.00275688 -0.150449
-6.51081e-07 7.75696e-08 0.00283817

0.00231626 0.000577665 0.98879
-0.000233589 0.00274641 -0.149244
-6.45603e-07 7.17147e-08 0.00283161

0.00231249 0.000572113 0.988697
-0.000231126 0.00274248 -0.149855
-6.37394e-07 7.7233e-08 0.00282261

0.00230916 0.000568352 0.98868
-0.000229942 0.00273916 -0.149969
-6.33511e-07 7.90854e-08 0.00281742

0.00230135 0.000560989 0.988713
-0.000228596 0.00273181 -0.149754
-6.29063e-07 8.04682e-08 0.00280854

0.00227959 0.000542865 0.988993
-0.000227787 0.00271137 -0.147894
-6.2663e-07 7.61461e-08 0.00279121

0.00225582 0.000525403 0.989361
-0.000228358 0.00269003 -0.145411
-6.29315e-07 6.75412e-08 0.00277663

0.00223298 0.000508786 0.989742
-0.000229246 0.00266927 -0.142794
-6.3341e-07 5.71875e-08 0.00276398

0.00221299 0.000494644 0.990072
-0.000230137 0.00265134 -0.140491
-6.37597e-07 4.76054e-08 0.0027535

0.00220007 0.000485468 0.990285
-0.000230716 0.00263968 -0.138983
-6.40419e-07 4.10964e-08 0.00274686

0.00217049 0.00046508 0.990748
-0.000232065 0.00261358 -0.135645
-6.47138e-07 2.66448e-08 0.00273187

0.00212361 0.000432046 0.991468
-0.000234075 0.00257162 -0.130279
-6.58081e-07 2.10016e-09 0.00270847

0.00209604 0.000413141 0.991859
-0.000235271 0.00254757 -0.127269
-6.64789e-07 -1.15782e-08 0.00269475

0.0020599 0.000388604 0.992346
-0.000236854 0.00251642 -0.12342
-6.73911e-07 -2.90587e-08 0.00267682

0.00203082 0.000369107 0.992716
-0.000238154 0.00249173 -0.120408
-6.81561e-07 -4.26235e-08 0.00266243

0.00199019 0.000342105 0.993204
-0.00024 0.00245769 -0.116309
-6.92733e-07 -6.09375e-08 0.00264235

0.0019861 0.000340446 0.993233
-0.000240344 0.00245528 -0.116062
-6.94173e-07 -6.09139e-08 0.00264024

0.00197203 0.000331749 0.993385
-0.000241084 0.00244417 -0.114761
-6.98368e-07 -6.60345e-08 0.00263326

0.00194552 0.000313509 0.993692
-0.000242186 0.00242163 -0.112074
-7.05926e-07 -7.87351e-08 0.00262024

0.0019431 0.000313199 0.993697
-0.000242503 0.00242083 -0.112021
-7.07032e-07 -7.75501e-08 0.00261896

0.00191803 0.000297133 0.993957
-0.000243721 0.00240075 -0.109697
-7.14774e-07 -8.7264e-08 0.00260657

0.00190237 0.000287986 0.9941
-0.000244622 0.0023891 -0.108389
-7.20001e-07 -9.16746e-08 0.00259877

0.00189486 0.000284349 0.994157
-0.000245175 0.00238419 -0.107865
-7.22765e-07 -9.24955e-08 0.00259499

0.00187759 0.000273315 0.994322
-0.000245996 0.0023706 -0.106336
-7.28397e-07 -9.87243e-08 0.00258641

0.0018611 0.000262883 0.994472
-0.000246782 0.00235782 -0.104926
-7.33914e-07 -1.04268e-07 0.00257818

